51.90
51.00
49.10
49.50
48.50
47.10
45.10
45.50
45.80
51.00
52.00
50.30
50.70
50.00
48.50
48.80
48.50
47.80
48.50
50.80
50.70
50.00
52.80
51.10
50.00
48.50
48.80
48.10
50.80
50.50
48.50
49.60
50.80
51.00
52.00
52.90
53.50
52.70
52.00
53.50
53.30
53.00
53.50
56.00
56.00
58.50
56.80
56.50
55.10
54.50
55.00
56.00
55.00
54.50
56.50
57.80
59.25
58.50
58.00
57.50
58.30
55.50
55.85
53.00
54.80
54.20
55.40
55.70
55.30
56.00
57.00
57.90
56.20
56.30
56.20
57.70
60.90
62.15
61.30
61.00
61.50
58.60
61.00
61.45
61.50
61.00
61.80
60.10
58.00
59.10
60.50
61.20
60.80
62.40
65.00
64.50
65.00
63.60
62.20
63.15
64.50
67.00
66.30
68.20
69.60
68.00
68.00
67.20
66.80
67.10
68.50
69.00
68.30
65.50
65.35
64.70
65.60
66.00
64.30
64.20
61.10
63.70
62.50
61.90
58.70
60.20
60.00
63.00
62.20
61.00
62.50
62.00
61.00
61.00
58.50
60.50
60.80
61.20
59.00
58.20
58.80
61.00
61.40
62.40
62.40
63.00
62.90
64.20
67.50
67.40
67.00
67.10
67.00
65.60
66.00
68.60
68.00
68.30
67.35
65.50
69.50
70.30
69.50
70.50
70.20
70.80
69.00
70.50
69.30
70.00
71.80
72.50
70.70
70.10
71.40
71.80
72.85
67.50
67.00
70.40
70.15
70.00
69.00
70.20
70.80
71.30
70.30
70.70
70.00
68.00
70.95
69.00
66.50
66.00
66.30
63.80
61.50
61.60
64.00
62.95
64.00
63.40
65.50
65.50
65.40
64.55
65.00
60.50
60.70
62.00
63.00
62.00
60.65
59.50
59.80
60.20
62.00
61.50
59.90
59.50
60.00
62.00
63.90
62.85
61.80
62.30
62.50
60.50
61.50
62.50
63.40
64.20
65.50
64.95
65.00
64.80
64.30
64.85
64.60
64.00
66.30
60.00
57.90
56.50
57.00
56.90
57.10
57.00
56.10
54.00
53.70
54.30
54.10
55.30
54.30
51.00
51.15
55.00
53.40
52.60
51.50
50.00
49.70
51.00
50.59
52.30
50.80
51.20
50.70
50.50
50.00
48.90
49.20
50.00
49.90
49.00
51.10
53.00
53.00
51.55
53.00
53.50
53.50
52.80
52.50
52.50
53.30
52.55
51.80
52.65
52.50
52.30
51.80
51.50
52.80
51.60
53.30
54.60
54.50
