87.55
87.17
93.45
92.32
81.90
74.60
72.75
73.15
72.60
72.75
75.10
72.50
71.25
71.60
70.40
72.20
71.10
72.90
71.45
70.30
69.45
73.40
76.65
79.80
76.75
78.80
76.65
76.75
77.55
77.75
77.90
73.90
73.10
73.55
74.35
74.55
73.80
73.15
73.90
73.80
75.70
76.10
77.08
77.55
78.20
79.60
79.95
79.90
83.00
82.00
82.70
80.30
80.10
81.50
80.30
80.30
77.30
78.75
80.40
82.80
84.62
86.50
86.00
86.03
86.00
86.75
86.60
86.70
88.00
90.10
88.60
87.60
86.30
85.00
83.75
83.60
83.45
84.60
85.15
87.70
87.15
86.25
88.30
88.60
89.70
88.80
89.50
90.90
91.35
89.10
90.20
93.60
96.80
97.30
96.00
97.65
98.10
98.45
99.55
97.30
97.00
95.80
97.10
97.60
95.90
94.50
97.50
98.40
97.25
97.90
97.50
97.30
99.00
102.70
99.65
97.60
96.40
98.00
101.40
99.50
99.40
98.95
98.85
97.15
98.30
98.60
97.85
98.00
96.00
96.90
97.00
97.80
94.85
95.10
95.75
95.50
96.50
96.10
94.80
95.00
93.50
93.00
94.40
96.00
96.60
94.00
94.20
97.40
98.05
96.00
94.70
91.80
86.00
85.80
86.50
87.40
88.50
85.15
91.20
93.30
93.00
92.80
93.75
97.00
96.60
98.40
99.50
98.80
98.10
97.70
99.20
97.90
95.75
98.75
98.90
96.80
96.05
94.00
93.00
89.25
87.90
89.35
90.00
88.25
86.20
83.40
86.00
82.20
86.45
90.65
89.00
90.15
93.80
92.50
92.30
87.25
83.60
86.00
87.97
84.20
85.35
86.50
87.70
88.80
88.80
86.50
88.00
91.80
90.80
90.55
91.15
91.80
94.65
93.70
94.50
93.60
97.50
99.10
98.60
99.66
100.30
102.60
102.88
100.88
104.95
103.95
103.65
98.00
96.70
96.10
99.25
99.25
99.10
99.40
99.95
100.40
97.45
97.52
95.95
95.80
95.55
91.30
90.00
87.80
89.50
90.90
90.00
87.10
88.60
88.50
91.85
90.60
91.50
90.00
86.50
82.10
82.50
80.25
78.90
81.60
78.10
74.00
77.00
81.80
84.55
83.30
84.60
83.80
80.50
81.40
83.75
84.00
82.95
85.10
86.10
87.50
86.20
90.00
89.80
88.15
87.30
88.45
89.30
90.10
91.40
91.75
90.00
89.50
90.20
89.70
89.80
90.60
92.84
91.90
91.00
91.80
91.41
93.80
93.15
