60.00
61.75
61.25
60.00
58.60
60.75
64.00
64.90
62.25
62.00
66.25
69.75
70.50
74.75
72.40
74.00
73.00
72.50
71.50
68.63
69.00
67.75
69.00
67.00
67.90
70.00
72.00
67.00
66.40
65.75
60.50
60.70
67.50
65.50
63.00
65.50
67.00
66.50
70.25
66.25
67.00
68.00
67.00
64.75
61.10
62.00
65.25
62.25
66.75
67.75
69.75
67.65
63.00
64.00
62.25
66.65
62.60
63.40
65.00
68.00
69.00
70.50
70.25
70.00
66.50
67.75
66.50
66.25
65.75
67.00
67.00
66.50
68.50
71.50
72.50
73.25
72.50
72.50
71.00
70.80
69.50
68.50
71.00
72.45
69.90
70.50
73.00
72.50
72.50
74.50
76.00
77.00
78.50
77.00
76.50
76.00
74.70
74.75
74.50
73.00
73.50
72.50
72.30
71.75
70.00
69.00
69.30
69.40
70.90
70.30
69.70
71.85
74.00
74.90
77.70
76.50
81.00
81.60
81.95
82.00
81.35
83.60
83.50
82.60
84.50
83.00
82.30
78.30
76.30
77.50
76.50
76.25
77.30
71.50
71.00
68.00
66.50
69.80
72.50
71.80
55.40
54.90
50.60
51.00
50.50
47.60
45.90
48.00
47.90
46.50
45.00
44.10
43.00
43.00
47.40
42.50
41.90
46.30
49.90
50.50
51.00
51.00
52.90
54.80
52.50
54.50
53.75
54.80
54.00
52.00
48.00
43.90
43.00
47.50
49.80
48.00
47.80
48.20
50.40
49.70
49.65
52.00
53.10
51.00
48.60
44.00
42.20
36.80
40.40
37.00
36.50
38.50
41.60
42.20
40.70
40.80
37.00
37.00
40.00
36.30
37.00
36.00
35.50
33.00
33.05
33.00
35.50
37.10
33.95
32.55
34.75
34.50
34.80
34.25
34.95
33.80
33.50
34.00
35.70
35.20
37.50
38.90
38.00
38.50
38.80
40.85
40.80
39.50
39.40
35.95
38.20
36.70
38.05
37.15
36.80
36.75
35.30
39.80
37.50
37.45
35.50
34.75
34.55
31.25
32.00
32.25
31.30
29.75
32.40
32.70
34.90
35.70
35.40
31.80
31.00
31.60
32.50
31.20
28.60
29.30
28.00
30.80
31.00
31.50
32.70
31.70
30.50
29.00
28.50
26.45
28.20
27.30
24.90
27.50
31.00
31.50
29.00
35.30
35.45
35.90
34.00
33.40
31.30
33.25
33.45
35.30
35.70
34.00
34.30
34.60
35.10
34.00
33.50
32.80
31.30
31.10
30.90
32.60
32.11
