97.50
101.35
100.20
100.10
98.00
99.50
106.00
102.00
102.60
98.30
98.10
100.05
102.50
101.95
108.90
112.50
118.00
109.00
107.00
110.10
111.50
109.00
97.50
93.80
90.00
91.75
90.00
92.00
88.40
83.10
84.80
81.20
79.30
83.00
84.50
84.20
74.30
76.90
75.00
76.50
78.00
78.50
80.20
79.90
77.20
74.00
75.00
76.60
75.20
77.90
76.50
75.60
73.50
69.80
71.00
71.50
70.00
67.00
66.80
68.00
68.50
70.30
70.00
72.50
72.70
72.70
73.90
72.20
69.70
69.50
73.70
75.40
75.50
75.40
78.00
83.50
86.90
83.50
84.70
83.80
84.00
81.50
81.40
83.50
84.00
83.00
83.90
86.90
84.00
83.60
84.00
84.50
83.60
84.50
84.30
79.90
80.50
77.00
75.50
74.30
72.00
73.95
76.45
76.00
76.00
76.50
75.30
77.50
79.50
82.90
79.90
80.00
79.50
78.90
78.00
77.80
78.00
77.50
79.70
78.50
77.50
79.00
78.50
80.60
78.50
80.00
77.60
77.10
78.50
80.20
79.80
80.30
80.00
79.50
78.00
77.55
74.80
73.20
76.00
74.55
74.80
71.00
70.15
72.20
70.50
69.10
67.10
67.30
64.00
64.20
63.60
62.00
63.40
64.80
64.00
61.50
59.20
59.50
61.30
72.10
73.00
74.90
75.50
81.50
81.40
81.20
81.50
79.50
81.40
83.00
81.10
78.60
75.50
80.50
82.30
82.00
81.00
77.60
81.50
80.20
80.50
83.00
84.00
79.90
75.00
67.50
67.40
64.00
67.90
65.00
59.50
61.90
65.70
67.90
66.50
64.30
55.00
53.70
53.00
46.70
48.00
50.00
48.50
47.40
46.70
47.00
51.00
51.50
51.60
50.00
55.10
55.80
57.20
55.60
57.50
54.80
58.40
59.20
64.10
63.40
63.70
67.60
68.10
69.20
69.60
68.80
67.55
65.50
66.00
64.60
67.60
68.00
68.70
64.40
61.50
65.60
62.20
65.50
62.10
62.30
61.30
62.80
62.00
60.60
65.20
65.30
64.00
60.50
61.30
62.00
63.70
65.30
64.00
60.20
57.50
58.10
60.95
60.00
59.50
60.80
56.00
58.60
62.00
63.10
64.80
63.80
64.00
63.25
61.00
59.10
62.30
62.40
62.00
67.00
68.50
69.00
70.00
74.00
76.00
77.00
75.00
77.00
76.50
78.00
75.75
78.00
78.50
77.00
78.40
79.70
80.00
80.50
80.30
79.00
78.30
78.00
78.10
78.80
77.50
