246.00
271.33
281.00
266.67
263.67
269.00
254.67
250.00
230.67
215.33
226.00
240.67
235.33
238.33
220.00
225.67
233.33
235.50
218.33
198.50
195.33
185.67
173.50
176.00
194.33
198.00
183.33
174.67
174.33
162.00
157.67
171.33
165.33
179.00
164.67
166.83
172.67
166.67
172.00
173.33
171.67
173.33
172.17
166.83
164.33
160.67
166.63
165.00
169.33
165.83
156.67
152.17
149.33
152.17
153.30
156.50
145.00
146.33
145.33
148.33
153.33
160.83
160.00
159.00
161.33
165.00
166.67
159.97
158.00
164.67
167.00
169.93
170.00
177.17
174.67
176.50
173.17
174.00
171.00
169.90
158.00
157.00
159.00
160.50
158.00
155.00
156.00
156.50
157.40
160.10
175.00
176.10
179.50
179.00
174.40
198.00
193.00
197.30
197.00
194.00
189.50
184.00
198.00
199.00
195.00
192.50
197.00
201.50
205.00
211.50
217.00
215.00
215.00
214.00
218.00
215.00
217.00
214.00
206.50
214.45
219.00
216.50
213.00
217.50
220.00
230.50
240.50
237.50
231.00
232.00
227.00
225.00
217.00
208.05
214.50
216.00
201.00
203.00
201.00
199.20
203.30
210.00
209.50
215.00
221.50
218.00
229.00
209.00
204.50
191.00
187.80
185.10
175.00
176.00
189.90
194.00
192.00
188.50
180.80
192.00
187.00
187.00
186.80
192.90
194.00
192.80
193.00
199.00
193.50
192.50
185.00
179.50
163.90
172.90
171.40
163.00
156.10
151.50
152.00
140.10
145.90
144.40
146.90
141.50
127.00
121.00
127.00
129.50
137.80
144.50
136.90
145.00
153.00
148.70
144.10
137.50
127.10
124.20
126.00
118.50
114.00
114.00
116.00
116.60
123.80
108.00
103.00
104.80
99.80
112.80
123.20
130.50
140.80
137.50
131.00
139.50
148.10
148.00
149.00
150.20
144.20
156.50
159.00
158.50
157.50
158.50
163.20
158.00
159.00
154.50
156.00
150.10
151.00
144.00
145.00
145.00
141.00
151.00
147.20
147.00
148.00
148.50
139.50
126.50
133.00
133.20
167.40
157.00
147.80
152.00
159.50
164.00
159.50
153.00
141.50
139.00
142.00
129.90
125.60
135.80
127.00
128.80
133.20
137.50
142.20
135.20
129.50
122.90
108.10
116.00
128.00
125.00
125.00
130.20
134.50
138.30
134.00
150.00
164.50
161.80
156.50
163.00
165.00
171.00
175.50
179.10
172.30
163.50
167.00
171.10
171.10
166.00
172.00
168.40
163.50
167.10
163.20
172.00
169.70
