127.00
122.67
120.00
120.00
120.33
124.00
115.33
114.67
104.00
101.20
108.00
116.00
113.27
107.00
106.33
110.00
106.00
105.33
102.00
99.00
100.33
95.67
93.00
89.67
97.27
99.67
102.33
97.00
94.67
94.67
91.67
93.33
96.67
99.67
101.23
100.67
105.00
101.67
108.20
109.20
108.87
112.73
111.00
106.67
100.87
103.33
103.47
102.67
105.67
101.67
100.67
98.20
94.63
98.20
97.33
99.07
101.00
103.00
103.53
105.87
108.67
112.67
111.60
109.47
109.00
111.00
110.67
108.33
108.67
108.67
108.00
106.40
105.33
108.67
107.27
105.67
107.53
106.00
105.33
103.67
102.67
104.87
107.67
112.33
112.00
108.13
107.53
109.33
111.20
116.47
119.33
120.00
120.00
120.00
116.67
118.93
116.83
120.27
119.07
113.80
111.60
107.87
112.00
110.67
105.33
105.20
108.60
111.13
113.00
111.80
109.00
109.67
110.13
110.67
110.47
112.67
116.50
116.60
115.40
116.00
118.80
118.47
119.00
117.67
121.00
123.87
126.33
125.33
122.20
123.20
118.07
120.67
119.67
117.00
119.07
119.33
116.67
113.87
110.00
105.93
100.60
105.53
104.67
103.00
100.67
97.17
97.67
93.27
97.67
95.33
94.67
96.40
93.13
93.20
98.60
96.13
90.73
87.33
96.33
97.73
94.33
94.80
98.27
100.00
101.53
102.47
103.27
102.67
99.20
94.13
91.67
89.73
86.33
90.40
92.00
88.67
87.20
84.67
86.00
84.73
88.00
91.33
92.67
90.20
91.87
87.67
90.87
88.67
94.20
97.33
97.33
100.13
100.00
99.20
95.47
92.87
91.53
90.50
92.93
87.33
88.33
90.33
92.20
92.40
92.83
91.13
91.00
93.80
93.33
93.47
94.40
92.00
94.00
97.00
98.27
96.47
100.87
101.20
104.33
103.00
102.67
105.00
104.87
103.00
102.33
100.87
103.07
102.33
101.47
100.20
100.33
97.53
97.83
95.47
95.80
97.00
94.67
98.13
95.47
93.80
91.40
89.33
87.40
81.47
84.73
84.87
84.13
81.60
84.00
86.27
90.60
89.33
88.33
84.00
80.67
75.47
78.67
76.00
75.67
78.33
74.47
70.33
73.80
79.00
82.60
79.67
79.40
75.87
72.13
73.13
76.80
75.67
75.73
79.47
83.07
83.97
79.93
86.00
86.80
84.33
83.33
83.80
84.83
81.33
80.00
83.00
85.00
83.25
84.50
84.50
84.80
83.10
84.50
84.20
83.00
82.90
84.00
87.50
88.00
